00111100000000010001000000000001
00110100001010000000000000000000
00111100000000010001000000000001
00110100001010010000000000101000
10001101000010100000000000000000
10101101001010100000000000000000
00100100000010110000000000000001
00100100000011000000000000001010
00010001011011000000000000001011
00000000000010110110100010000000
00000001000011010111000000100000
10001101110011110000000000000000
00100001101110001111111111111100
00000001001110001100100000100000
10001111001100000000000000000000
00000010000011111000100000100110
00000001001011011001000000100000
10101110010100010000000000000000
00100001011010110000000000000001
00001000000100000000000000001000
00100100000000100000000000001010
00000000000000000000000000001100
